244 237 124 PMS100
244 237 71 PMS101
249 232 20 PMS102
198 173 15 PMS103
173 155 12 PMS104
130 117 15 PMS105
247 232 89 PMS106
249 229 38 PMS107
249 221 22 PMS108
249 214 22 PMS109
216 181 17 PMS110
170 147 10 PMS111
153 132 10 PMS112
249 229 91 PMS113
249 226 76 PMS114
249 224 76 PMS115
252 209 22 PMS116
247 181 12 PMS116_2X
198 160 12 PMS117
170 142 10 PMS118
137 119 25 PMS119
249 226 127 PMS120
247 232 170 PMS1205
249 224 112 PMS121
249 224 140 PMS1215
252 216 86 PMS122
255 204 73 PMS1225
255 198 30 PMS123
252 181 20 PMS1235
224 170 15 PMS124
191 145 12 PMS1245
181 140 10 PMS125
163 127 20 PMS1255
163 130 5 PMS126
124 99 22 PMS1265
244 226 135 PMS127
244 219 96 PMS128
242 209 61 PMS129
234 175 15 PMS130
226 145 0 PMS130_2X
198 147 10 PMS131
158 124 10 PMS132
112 91 10 PMS133
255 216 127 PMS134
255 214 145 PMS1345
252 201 99 PMS135
252 206 135 PMS1355
252 191 73 PMS136
252 186 94 PMS1365
252 163 17 PMS137
249 155 12 PMS1375
216 140 2 PMS138
204 122 2 PMS1385
175 117 5 PMS139
153 96 7 PMS1395
122 91 17 PMS140
107 71 20 PMS1405
242 206 104 PMS141
242 191 73 PMS142
239 178 45 PMS143
226 140 5 PMS144
198 127 7 PMS145
158 107 5 PMS146
114 94 38 PMS147
255 214 155 PMS148
255 183 119 PMS1485
252 204 147 PMS149
255 153 63 PMS1495
252 173 86 PMS150
244 124 0 PMS1505
247 127 0 PMS151
221 117 0 PMS152
181 84 0 PMS1525
188 109 10 PMS153
140 68 0 PMS1535
153 89 5 PMS154
76 40 15 PMS1545
244 219 170 PMS155
249 191 158 PMS1555
242 198 140 PMS156
252 165 119 PMS1565
237 160 79 PMS157
252 135 68 PMS1575
232 117 17 PMS158
249 107 7 PMS1585
198 96 5 PMS159
209 91 5 PMS1595
158 84 10 PMS160
160 79 17 PMS1605
99 58 17 PMS161
132 63 15 PMS1615
249 198 170 PMS162
249 165 140 PMS1625
252 158 112 PMS163
249 142 109 PMS1635
252 127 63 PMS164
249 114 66 PMS1645
249 99 2 PMS165
234 79 0 PMS165_2X
249 86 2 PMS1655
221 89 0 PMS166
221 79 5 PMS1665
188 79 7 PMS167
165 63 15 PMS1675
109 48 17 PMS168
132 53 17 PMS1685
249 186 170 PMS169
249 137 114 PMS170
249 96 58 PMS171
247 73 2 PMS172
209 68 20 PMS173
147 51 17 PMS174
109 51 33 PMS175
249 175 173 PMS176
249 158 163 PMS1765
249 178 183 PMS1767
249 130 127 PMS177
249 132 142 PMS1775
252 102 117 PMS1777
249 94 89 PMS178
252 79 89 PMS1785
244 63 79 PMS1787
239 43 45 PMS1788
214 33 0 PMS1788_2X
226 61 40 PMS179
214 40 40 PMS1795
204 45 48 PMS1797
193 56 40 PMS180
175 38 38 PMS1805
160 48 51 PMS1807
124 45 35 PMS181
124 33 30 PMS1810
91 45 40 PMS1817
249 191 193 PMS182
252 140 153 PMS183
252 94 114 PMS184
232 17 45 PMS185
209 22 0 PMS185_2X
206 17 38 PMS186
175 30 45 PMS187
124 33 40 PMS188
255 163 178 PMS189
252 191 201 PMS1895
252 117 142 PMS190
252 155 178 PMS1905
244 71 107 PMS191
244 84 124 PMS1915
229 5 58 PMS192
224 7 71 PMS1925
219 130 140 PMS193
193 5 56 PMS1935
153 33 53 PMS194
168 12 53 PMS1945
147 22 56 PMS1955
244 201 201 PMS196
239 153 163 PMS197
119 45 53 PMS198
216 28 63 PMS199
196 30 58 PMS200
163 38 56 PMS201
140 38 51 PMS202
242 175 193 PMS203
237 122 158 PMS204
229 76 124 PMS205
211 5 71 PMS206
186 170 158 PMS207
142 35 68 PMS208
117 38 61 PMS209
255 160 191 PMS210
255 119 168 PMS211
249 79 142 PMS212
234 15 107 PMS213
204 2 86 PMS214
165 5 68 PMS215
124 30 63 PMS216
244 191 209 PMS217
237 114 170 PMS218
226 40 130 PMS219
170 0 79 PMS220
147 0 66 PMS221
112 25 61 PMS222
249 147 196 PMS223
244 107 175 PMS224
237 40 147 PMS225
214 2 112 PMS226
173 0 91 PMS227
140 0 76 PMS228
109 33 63 PMS229
255 160 204 PMS230
252 112 186 PMS231
244 63 165 PMS232
206 0 124 PMS233
170 0 102 PMS234
142 5 84 PMS235
249 175 211 PMS236
247 196 216 PMS2365
244 132 196 PMS237
234 107 191 PMS2375
237 79 175 PMS238
219 40 165 PMS2385
224 33 158 PMS239
196 5 124 PMS239_2X
196 0 140 PMS2395
196 15 137 PMS240
168 0 122 PMS2405
173 0 117 PMS241
155 0 112 PMS2415
124 28 81 PMS242
135 0 91 PMS2425
242 186 216 PMS243
237 160 211 PMS244
232 127 201 PMS245
204 0 160 PMS246
183 0 142 PMS247
163 5 127 PMS248
127 40 96 PMS249
237 196 221 PMS250
226 158 214 PMS251
211 107 198 PMS252
175 35 165 PMS253
160 45 150 PMS254
119 45 107 PMS255
229 196 214 PMS256
216 168 216 PMS2562
209 160 204 PMS2563
191 147 204 PMS2567
211 165 201 PMS257
198 135 209 PMS2572
186 124 188 PMS2573
170 114 191 PMS2577
155 79 150 PMS258
170 71 186 PMS2582
158 79 165 PMS2583
142 71 173 PMS2587
114 22 107 PMS259
147 15 165 PMS2592
114 0 130 PMS2592_2X
135 43 147 PMS2593
102 0 140 PMS2597
104 30 91 PMS260
130 12 142 PMS2602
112 20 122 PMS2603
91 2 122 PMS2607
94 33 84 PMS261
112 30 114 PMS2612
102 17 109 PMS2613
86 12 112 PMS2617
84 35 68 PMS262
96 45 89 PMS2622
91 25 94 PMS2623
76 20 94 PMS2627
224 206 224 PMS263
201 173 216 PMS2635
198 170 219 PMS264
181 145 209 PMS2645
150 99 196 PMS265
155 109 198 PMS2655
109 40 170 PMS266
137 79 191 PMS2665
89 17 142 PMS267
79 33 112 PMS268
86 0 140 PMS2685
68 35 89 PMS269
68 35 94 PMS2695
186 175 211 PMS270
173 158 211 PMS2705
209 206 221 PMS2706
191 209 229 PMS2707
175 188 219 PMS2708
158 145 198 PMS271
147 122 204 PMS2715
165 160 214 PMS2716
165 186 224 PMS2717
91 119 204 PMS2718
137 119 186 PMS272
114 81 188 PMS2725
102 86 188 PMS2726
94 104 196 PMS2727
48 68 181 PMS2728
56 25 122 PMS273
79 0 147 PMS2735
73 48 173 PMS2736
45 0 142 PMS2738
43 17 102 PMS274
63 0 119 PMS2745
63 40 147 PMS2746
28 20 107 PMS2747
30 28 119 PMS2748
38 15 84 PMS275
53 0 109 PMS2755
51 40 117 PMS2756
20 22 84 PMS2757
25 33 104 PMS2758
43 33 71 PMS276
43 12 86 PMS2765
43 38 91 PMS2766
20 33 61 PMS2767
17 33 81 PMS2768
181 209 232 PMS277
153 186 221 PMS278
102 137 204 PMS279
0 43 127 PMS280
0 40 104 PMS281
0 38 84 PMS282
155 196 226 PMS283
117 170 219 PMS284
58 117 196 PMS285
0 56 168 PMS286
0 56 147 PMS287
0 51 127 PMS288
0 38 73 PMS289
196 216 226 PMS290
147 198 224 PMS2905
168 206 226 PMS291
96 175 221 PMS2915
117 178 221 PMS292
0 142 214 PMS2925
0 81 186 PMS293
0 91 191 PMS2935
0 63 135 PMS294
0 84 160 PMS2945
0 56 107 PMS295
0 61 107 PMS2955
0 45 71 PMS296
0 51 76 PMS2965
130 198 226 PMS297
186 224 226 PMS2975
81 181 224 PMS298
81 191 226 PMS2985
0 163 221 PMS299
0 127 204 PMS299_2X
0 165 219 PMS2995
0 114 198 PMS300
0 132 201 PMS3005
0 91 153 PMS301
0 112 158 PMS3015
0 79 109 PMS302
0 84 107 PMS3025
0 63 84 PMS303
0 68 84 PMS3035
165 221 226 PMS304
112 206 226 PMS305
0 188 226 PMS306
0 163 209 PMS306_2X
0 122 165 PMS307
0 96 124 PMS308
0 63 73 PMS309
114 209 221 PMS310
127 214 219 PMS3105
40 196 216 PMS311
45 198 214 PMS3115
0 173 198 PMS312
0 183 198 PMS3125
0 153 181 PMS313
0 155 170 PMS3135
0 130 155 PMS314
0 132 142 PMS3145
0 107 119 PMS315
0 109 117 PMS3155
0 73 79 PMS316
0 86 91 PMS3165
201 232 221 PMS317
147 221 219 PMS318
76 206 209 PMS319
0 158 160 PMS320
0 127 130 PMS320_2X
0 135 137 PMS321
0 114 114 PMS322
0 102 99 PMS323
170 221 214 PMS324
135 221 209 PMS3242
140 224 209 PMS3245
122 211 193 PMS3248
86 201 193 PMS325
86 214 201 PMS3252
71 214 193 PMS3255
53 196 175 PMS3258
0 178 170 PMS326
0 193 181 PMS3262
0 198 178 PMS3265
0 175 153 PMS3268
0 140 130 PMS327
0 137 119 PMS327_2X
0 170 158 PMS3272
0 178 160 PMS3275
0 155 132 PMS3278
0 119 112 PMS328
0 140 130 PMS3282
0 153 135 PMS3285
0 130 112 PMS3288
0 109 102 PMS329
0 96 86 PMS3292
0 130 114 PMS3295
0 107 91 PMS3298
0 89 81 PMS330
0 73 63 PMS3302
0 79 66 PMS3305
0 68 56 PMS3308
186 234 214 PMS331
160 229 206 PMS332
94 221 193 PMS333
0 153 124 PMS334
0 124 102 PMS335
0 104 84 PMS336
155 219 193 PMS337
142 226 188 PMS3375
122 209 181 PMS338
84 216 168 PMS3385
0 178 140 PMS339
0 201 147 PMS3395
0 153 119 PMS340
0 178 122 PMS3405
0 122 94 PMS341
0 124 89 PMS3415
0 107 84 PMS342
0 104 71 PMS3425
0 86 63 PMS343
2 73 48 PMS3435
181 226 191 PMS344
150 216 175 PMS345
112 206 155 PMS346
0 158 96 PMS347
0 135 81 PMS348
0 107 63 PMS349
35 79 51 PMS350
181 232 191 PMS351
153 229 178 PMS352
132 226 168 PMS353
0 183 96 PMS354
0 158 73 PMS355
0 122 61 PMS356
33 91 51 PMS357
170 221 150 PMS358
160 219 142 PMS359
96 198 89 PMS360
30 181 58 PMS361
51 158 53 PMS362
61 142 51 PMS363
58 119 40 PMS364
211 232 163 PMS365
196 229 142 PMS366
170 221 109 PMS367
91 191 33 PMS368
0 158 15 PMS368_2X
86 170 28 PMS369
86 142 20 PMS370
86 107 33 PMS371
216 237 150 PMS372
206 234 130 PMS373
186 232 96 PMS374
140 214 0 PMS375
84 188 0 PMS375_2X
127 186 0 PMS376
112 147 2 PMS377
86 99 20 PMS378
224 234 104 PMS379
214 229 66 PMS380
204 226 38 PMS381
186 216 10 PMS382
158 196 0 PMS382_2X
163 175 7 PMS383
147 153 5 PMS384
112 112 20 PMS385
232 237 96 PMS386
224 237 68 PMS387
214 232 15 PMS388
206 224 7 PMS389
186 196 5 PMS390
158 158 7 PMS391
132 130 5 PMS392
242 239 135 PMS393
242 237 109 PMS3935
234 237 53 PMS394
239 234 7 PMS3945
229 232 17 PMS395
237 226 17 PMS3955
224 226 12 PMS396
232 221 17 PMS3965
193 191 10 PMS397
181 168 12 PMS3975
175 168 10 PMS398
153 140 10 PMS3985
153 142 7 PMS399
109 96 2 PMS3995
209 198 181 PMS400
193 181 165 PMS401
175 165 147 PMS402
153 140 124 PMS403
130 117 102 PMS404
107 94 79 PMS405
206 193 181 PMS406
168 153 140 PMS408
153 137 124 PMS409
124 109 99 PMS410
102 89 76 PMS411
61 48 40 PMS412
198 193 178 PMS413
181 175 160 PMS414
163 158 140 PMS415
142 140 122 PMS416
119 114 99 PMS417
96 94 79 PMS418
40 40 33 PMS419
209 204 191 PMS420
191 186 175 PMS421
175 170 163 PMS422
150 147 142 PMS423
130 127 119 PMS424
96 96 91 PMS425
43 43 40 PMS426
221 219 209 PMS427
209 206 198 PMS428
173 175 170 PMS429
145 150 147 PMS430
102 109 112 PMS431
68 79 81 PMS432
48 56 58 PMS433
10 12 17 PMS433_2X
224 209 198 PMS434
211 191 183 PMS435
188 165 158 PMS436
140 112 107 PMS437
89 63 61 PMS438
73 53 51 PMS439
63 48 43 PMS440
209 209 198 PMS441
186 191 183 PMS442
163 168 163 PMS443
137 142 140 PMS444
86 89 89 PMS445
73 76 73 PMS446
63 63 56 PMS447
84 71 45 PMS448
96 76 17 PMS4485
84 71 38 PMS449
135 117 48 PMS4495
96 84 43 PMS450
160 145 81 PMS4505
173 160 122 PMS451
188 173 117 PMS4515
196 183 150 PMS452
0 153 68 PMS452_2X
204 191 142 PMS4525
214 204 175 PMS453
219 206 165 PMS4535
226 216 191 PMS454
229 219 186 PMS4545
102 86 20 PMS455
153 135 20 PMS456
181 155 12 PMS457
221 204 107 PMS458
226 214 124 PMS459
234 221 150 PMS460
237 229 173 PMS461
91 71 35 PMS462
71 35 17 PMS4625
117 84 38 PMS463
140 89 51 PMS4635
135 96 40 PMS464
112 66 20 PMS464_2X
178 130 96 PMS4645
193 168 117 PMS465
196 153 119 PMS4655
209 191 145 PMS466
216 181 150 PMS4665
221 204 165 PMS467
229 198 170 PMS4675
226 214 181 PMS468
237 211 188 PMS4685
96 51 17 PMS469
81 38 28 PMS4695
155 79 25 PMS470
124 81 61 PMS4705
188 94 30 PMS471
163 68 2 PMS471_2X
153 112 91 PMS4715
234 170 122 PMS472
181 145 124 PMS4725
244 196 160 PMS473
204 175 155 PMS4735
244 204 170 PMS474
216 191 170 PMS4745
247 211 181 PMS475
226 204 186 PMS4755
89 61 43 PMS476
99 56 38 PMS477
122 63 40 PMS478
175 137 112 PMS479
211 183 163 PMS480
224 204 186 PMS481
229 211 193 PMS482
107 48 33 PMS483
155 48 28 PMS484
216 30 5 PMS485
204 12 0 PMS485_2X
237 158 132 PMS486
239 181 160 PMS487
242 196 175 PMS488
242 209 191 PMS489
91 38 38 PMS490
117 40 40 PMS491
145 51 56 PMS492
242 173 178 PMS494
244 188 191 PMS495
247 201 198 PMS496
81 40 38 PMS497
68 30 28 PMS4975
109 51 43 PMS498
132 73 73 PMS4985
122 56 45 PMS499
165 107 109 PMS4995
206 137 140 PMS500
188 135 135 PMS5005
234 178 178 PMS501
216 173 168 PMS5015
242 198 196 PMS502
226 188 183 PMS5025
244 209 204 PMS503
237 206 198 PMS5035
81 30 38 PMS504
102 30 43 PMS505
122 38 56 PMS506
216 137 155 PMS507
232 165 175 PMS508
242 186 191 PMS509
244 198 201 PMS510
96 33 68 PMS511
79 33 58 PMS5115
132 33 107 PMS512
117 71 96 PMS5125
158 35 135 PMS513
147 107 127 PMS5135
216 132 188 PMS514
173 135 153 PMS5145
232 163 201 PMS515
204 175 183 PMS5155
242 186 211 PMS516
224 201 204 PMS5165
244 204 216 PMS517
232 214 209 PMS5175
81 45 68 PMS518
71 40 53 PMS5185
99 48 94 PMS519
89 51 68 PMS5195
112 53 114 PMS520
142 104 119 PMS5205
181 140 178 PMS521
181 147 155 PMS5215
198 163 193 PMS522
204 173 175 PMS5225
211 183 204 PMS523
221 198 196 PMS5235
226 204 211 PMS524
229 211 204 PMS5245
81 38 84 PMS525
53 38 79 PMS5255
104 33 122 PMS526
73 61 99 PMS5265
122 30 153 PMS527
96 86 119 PMS5275
175 114 193 PMS528
140 130 153 PMS5285
206 163 211 PMS529
178 168 181 PMS5295
214 175 214 PMS530
204 193 198 PMS5305
229 198 219 PMS531
219 211 211 PMS5315
53 56 66 PMS532
53 63 91 PMS533
58 73 114 PMS534
155 163 183 PMS535
173 178 193 PMS536
196 198 206 PMS537
214 211 214 PMS538
0 48 73 PMS539
2 40 58 PMS5395
0 51 91 PMS540
63 96 117 PMS5405
0 63 119 PMS541
96 124 140 PMS5415
102 147 188 PMS542
132 153 165 PMS5425
147 183 209 PMS543
175 188 191 PMS5435
183 204 219 PMS544
196 204 204 PMS5445
196 211 221 PMS545
214 216 211 PMS5455
12 56 68 PMS546
0 53 58 PMS5463
25 56 51 PMS5467
0 63 84 PMS547
38 104 109 PMS5473
58 86 79 PMS5477
0 68 89 PMS548
96 145 145 PMS5483
102 124 114 PMS5487
94 153 170 PMS549
140 175 173 PMS5493
145 163 153 PMS5497
135 175 191 PMS550
170 196 191 PMS5503
175 186 178 PMS5507
163 193 201 PMS551
206 216 209 PMS5513
201 206 196 PMS5517
196 214 214 PMS552
214 221 214 PMS5523
206 209 198 PMS5527
35 68 53 PMS553
33 61 48 PMS5535
25 94 71 PMS554
79 109 94 PMS5545
7 109 84 PMS555
119 145 130 PMS5555
122 168 145 PMS556
150 170 153 PMS5565
163 193 173 PMS557
175 191 173 PMS5575
183 206 188 PMS558
196 206 191 PMS5585
198 214 196 PMS559
216 219 204 PMS5595
43 76 63 PMS560
35 58 45 PMS5605
38 102 89 PMS561
84 104 86 PMS5615
30 122 109 PMS562
114 132 112 PMS5625
127 188 170 PMS563
158 170 153 PMS5635
5 112 94 PMS564
188 193 178 PMS5645
188 219 204 PMS565
198 204 186 PMS5655
209 226 211 PMS566
214 214 198 PMS5665
38 81 66 PMS567
0 135 114 PMS569
127 198 178 PMS570
170 219 198 PMS571
188 226 206 PMS572
204 229 214 PMS573
73 89 40 PMS574
63 73 38 PMS5743
66 71 22 PMS5747
84 119 48 PMS575
94 102 58 PMS5753
107 112 43 PMS5757
96 142 58 PMS576
119 124 79 PMS5763
140 145 79 PMS5767
181 204 142 PMS577
155 158 114 PMS5773
170 173 117 PMS5777
198 214 160 PMS578
181 181 142 PMS5783
198 198 153 PMS5787
201 214 163 PMS579
198 198 165 PMS5793
211 209 170 PMS5797
216 221 181 PMS580
216 214 183 PMS5803
224 221 188 PMS5807
96 94 17 PMS581
73 68 17 PMS5815
135 137 5 PMS582
117 112 43 PMS5825
170 186 10 PMS583
158 153 89 PMS5835
206 214 73 PMS584
178 170 112 PMS5845
219 224 107 PMS585
204 198 147 PMS5855
226 229 132 PMS586
214 206 163 PMS5865
232 232 155 PMS587
224 219 181 PMS5875
244 237 175 PMS600
242 237 158 PMS601
242 234 135 PMS602
237 232 91 PMS603
232 221 33 PMS604
221 206 17 PMS605
211 191 17 PMS606
242 234 188 PMS607
239 232 173 PMS608
234 229 150 PMS609
226 219 114 PMS610
214 206 73 PMS611
196 186 0 PMS612
175 160 12 PMS613
234 226 183 PMS614
226 219 170 PMS615
221 214 155 PMS616
204 196 124 PMS617
181 170 89 PMS618
150 140 40 PMS619
132 119 17 PMS620
216 221 206 PMS621
193 209 191 PMS622
165 191 170 PMS623
127 160 140 PMS624
91 135 114 PMS625
33 84 63 PMS626
12 48 38 PMS627
204 226 221 PMS628
178 216 216 PMS629
140 204 211 PMS630
84 183 198 PMS631
0 160 186 PMS632
0 127 153 PMS633
0 102 127 PMS634
186 224 224 PMS635
153 214 221 PMS636
107 201 219 PMS637
0 181 214 PMS638
0 160 196 PMS639
0 140 178 PMS640
0 122 165 PMS641
209 216 216 PMS642
198 209 214 PMS643
155 175 196 PMS644
119 150 178 PMS645
94 130 163 PMS646
38 84 124 PMS647
0 48 94 PMS648
214 214 216 PMS649
191 198 209 PMS650
155 170 191 PMS651
109 135 168 PMS652
51 86 135 PMS653
15 43 91 PMS654
12 28 71 PMS655
214 219 224 PMS656
193 201 221 PMS657
165 175 214 PMS658
127 140 191 PMS659
89 96 168 PMS660
45 51 142 PMS661
12 25 117 PMS662
226 211 214 PMS663
216 204 209 PMS664
198 181 196 PMS665
168 147 173 PMS666
127 102 137 PMS667
102 73 117 PMS668
71 43 89 PMS669
242 214 216 PMS670
239 198 211 PMS671
234 170 196 PMS672
224 140 178 PMS673
211 107 158 PMS674
188 56 119 PMS675
160 0 84 PMS676
237 214 214 PMS677
234 204 206 PMS678
229 191 198 PMS679
211 158 175 PMS680
183 114 142 PMS681
160 81 117 PMS682
127 40 79 PMS683
239 204 206 PMS684
234 191 196 PMS685
224 170 186 PMS686
201 137 158 PMS687
178 102 132 PMS688
147 66 102 PMS689
112 35 66 PMS690
239 209 201 PMS691
232 191 186 PMS692
219 168 165 PMS693
201 140 140 PMS694
178 107 112 PMS695
142 71 73 PMS696
127 56 58 PMS697
247 209 204 PMS698
247 191 191 PMS699
242 165 170 PMS700
232 135 142 PMS701
214 96 109 PMS702
183 56 68 PMS703
158 40 40 PMS704
249 221 214 PMS705
252 201 198 PMS706
252 173 175 PMS707
249 142 153 PMS708
242 104 119 PMS709
224 66 81 PMS710
209 45 51 PMS711
255 211 170 PMS712
249 201 163 PMS713
249 186 130 PMS714
252 158 73 PMS715
242 132 17 PMS716
211 109 0 PMS717
191 91 0 PMS718
244 209 175 PMS719
239 196 158 PMS720
232 178 130 PMS721
209 142 84 PMS722
186 117 48 PMS723
142 73 5 PMS724
117 56 2 PMS725
237 211 181 PMS726
226 191 155 PMS727
211 168 124 PMS728
193 142 96 PMS729
170 117 63 PMS730
114 63 10 PMS731
96 51 10 PMS732
0 170 204 PMS801
0 137 175 PMS801_2X
96 221 73 PMS802
28 206 40 PMS802_2X
255 237 56 PMS803
255 216 22 PMS803_2X
255 147 56 PMS804
255 127 30 PMS804_2X
249 89 81 PMS805
249 58 43 PMS805_2X
255 0 147 PMS806
247 2 124 PMS806_2X
214 0 158 PMS807
191 0 140 PMS807_2X
0 181 155 PMS808
0 160 135 PMS808_2X
221 224 15 PMS809
214 214 12 PMS809_2X
255 204 30 PMS810
255 188 33 PMS810_2X
255 114 71 PMS811
255 84 22 PMS811_2X
252 35 102 PMS812
252 7 79 PMS812_2X
229 0 153 PMS813
209 0 132 PMS813_2X
140 96 193 PMS814
112 63 175 PMS814_2X
